#F trans_bkg: /LENS/SANS/EXP005/3/574/NeXus/SANS_574.nxs
#F transmission: /LENS/SANS/EXP005/3/572/NeXus/SANS_572.nxs
#E 1238421311.69
#D 2009-03-30T09:55:11.690193-04:00
#C transmission Run Number: 572
#C trans_bkg Run Number: 574
#C trans_bkg Title: Direct Beam Tramsmission
#C transmission Title: Empty Cell Transmission
#C trans_bkg Notes: L2=2.22 m  (1134 Parker), 2.6kw, BS08 out, 10mm Aperature, Runtim=3600s, Dector=862359, Monitor=447129
#C transmission Notes: L2=2.2mm (1134 on Parker), 2.6kw, BS08 out, Runtime 3605s, Dector=829908, Monitor=449704
#C trans_bkg Proton Charge: (0.0, 'picoCoulomb')
#C transmission Proton Charge: (0.0, 'picoCoulomb')
#C HLR Version - 1.4.13
#C DOM Version - 1.4.4
#C SCL Version - 1.2.1
#C fitting function: 0.93790987 + 0.0027210077.X 

#S 1 Spectrum ID ('bank1', (38, 36))
#N 3
#L  wavelength(Angstroms)   Ratio()   Sigma()
4.0  0.94892995 0.0
4.1  0.94920205 0.0
4.2  0.94947415 0.0
4.3  0.94974625 0.0
4.4  0.95001835 0.0
4.5  0.95029046 0.0
4.6  0.95056256 0.0
4.7  0.95083466 0.0
4.8  0.95110676 0.0
4.9  0.95137886 0.0
5.0  0.95165096 0.0
5.1  0.95192306 0.0
5.2  0.95219516 0.0
5.3  0.95246726 0.0
5.4  0.95273936 0.0
5.5  0.95301146 0.0
5.6  0.95328356 0.0
5.7  0.95355566 0.0
5.8  0.95382777 0.0
5.9  0.95409987 0.0
6.0  0.95437197 0.0
6.1  0.95464407 0.0
6.2  0.95491617 0.0
6.3  0.95518827 0.0
6.4  0.95546037 0.0
6.5  0.95573247 0.0
6.6  0.95600457 0.0
6.7  0.95627667 0.0
6.8  0.95654877 0.0
6.9  0.95682087 0.0
7.0  0.95709297 0.0
7.1  0.95736508 0.0
7.2  0.95763718 0.0
7.3  0.95790928 0.0
7.4  0.95818138 0.0
7.5  0.95845348 0.0
7.6  0.95872558 0.0
7.7  0.95899768 0.0
7.8  0.95926978 0.0
7.9  0.95954188 0.0
8.0  0.95981398 0.0
8.1  0.96008608 0.0
8.2  0.96035818 0.0
8.3  0.96063028 0.0
8.4  0.96090239 0.0
8.5  0.96117449 0.0
8.6  0.96144659 0.0
8.7  0.96171869 0.0
8.8  0.96199079 0.0
8.9  0.96226289 0.0
9.0  0.96253499 0.0
9.1  0.96280709 0.0
9.2  0.96307919 0.0
9.3  0.96335129 0.0
9.4  0.96362339 0.0
9.5  0.96389549 0.0
9.6  0.96416759 0.0
9.7  0.96443970 0.0
9.8  0.96471180 0.0
9.9  0.96498390 0.0
10.0  0.96525600 0.0
10.1  0.96552810 0.0
10.2  0.96580020 0.0
10.3  0.96607230 0.0
10.4  0.96634440 0.0
10.5  0.96661650 0.0
10.6  0.96688860 0.0
10.7  0.96716070 0.0
10.8  0.96743280 0.0
10.9  0.96770490 0.0
11.0  0.96797701 0.0
11.1  0.96824911 0.0
11.2  0.96852121 0.0
11.3  0.96879331 0.0
11.4  0.96906541 0.0
11.5  0.96933751 0.0
11.6  0.96960961 0.0
11.7  0.96988171 0.0
11.8  0.97015381 0.0
11.9  0.97042591 0.0
12.0  0.97069801 0.0
12.1  0.97097011 0.0
12.2  0.97124221 0.0
12.3  0.97151432 0.0
12.4  0.97178642 0.0
12.5  0.97205852 0.0
12.6  0.97233062 0.0
12.7  0.97260272 0.0
12.8  0.97287482 0.0
12.9  0.97314692 0.0
13.0  0.97341902 0.0
13.1  0.97369112 0.0
13.2  0.97396322 0.0
13.3  0.97423532 0.0
13.4  0.97450742 0.0
13.5  0.97477952 0.0
13.6  0.97505163 0.0
13.7  0.97532373 0.0
13.8  0.97559583 0.0
13.9  0.97586793 0.0
14.0  0.97614003 0.0
14.1  0.97641213 0.0
14.2  0.97668423 0.0
14.3  0.97695633 0.0
14.4  0.97722843 0.0
14.5  0.97750053 0.0
14.6  0.97777263 0.0
14.7  0.97804473 0.0
14.8  0.97831683 0.0
14.9  0.97858894 0.0
15.0  0.97886104 0.0
15.1  0.97913314 0.0
15.2  0.97940524 0.0
15.3  0.97967734 0.0
15.4  0.97994944 0.0
15.5  0.98022154 0.0
15.6  0.98049364 0.0
15.7  0.98076574 0.0
15.8  0.98103784 0.0
15.9  0.98130994 0.0
16.0
