#F data: /SNS/REF_M/IPTS-2318/30/6429/NeXus/REF_M_6429.nxs
#E 1270040325.95
#D 2010-03-31T08:58:45.948001-04:00
#C data Run Number: 6429
#C data Title: _No2
#C data Notes: NONE
#C data dt/t: 0.0492519250009
#C data Sample: Name; LSMO(3)/LSFO(6) bilayer on STO | Nature; 1
#C data Proton Charge: (15441830346800.0, 'picoCoulomb')
#C data Slit1 Size: (nan, None)
#C data Slit3 Size: (nan, None)
#C data Slit1-Slit3 Distance: (1.8849999904632568, 'metre')
#C data dtheta: (nan, 'radians')
#C data theta: (0.017478076562837844, 'radians')
#C data dtheta_over_theta: nan
#C HLR Version - 1.7.6
#C DOM Version - 1.7.2
#C SCL Version - 1.4.1

#S 1 Spectrum ID ('bank1', (176, 127))
#N 3
#L scalar wavevector transfer(1/Angstroms)  Intensity(Counts/A-1)  Sigma(Counts/A-1)
0.0   0.0   0.0
0.001   0.0   0.0
0.002   0.0   0.0
0.003   0.0   0.0
0.004   0.0   0.0
0.005   0.0   0.0
0.006   0.0   0.0
0.007   0.0   0.0
0.008   0.0   0.0
0.009   0.0   0.0
0.01   0.0   0.0
0.011   0.0   0.0
0.012   0.0   0.0
0.013   0.0   0.0
0.014   0.0   0.0
0.015   0.0   0.0
0.016   0.0   0.0
0.017   0.0   0.0
0.018   0.0   0.0
0.019   0.0   0.0
0.02   0.0   0.0
0.021   0.0   0.0
0.022   0.0   0.0
0.023   0.0   0.0
0.024   0.0   0.0
0.025   0.0   0.0
0.026   0.0   0.0
0.027   0.0   0.0
0.028   0.0   0.0
0.029   0.0   0.0
0.03   0.0   0.0
0.031   0.0   0.0
0.032   0.0   0.0
0.033   0.0   0.0
0.034   0.0   0.0
0.035   0.0   0.0
0.036   0.0   0.0
0.037   0.0   0.0
0.038   0.0   0.0
0.039   0.0   0.0
0.04   0.0   0.0
0.041   0.0   0.0
0.042   0.0   0.0
0.043   0.0   0.0
0.044   0.0   0.0
0.045   0.0   0.0
0.046   0.0   0.0
0.047   0.0   0.0
0.048   0.0   0.0
0.049   0.0   0.0
0.05   0.0   0.0
0.051   0.0   0.0
0.052   0.0   0.0
0.053   0.0   0.0
0.054   0.0   0.0
0.055   0.0   0.0
0.056   0.0   0.0
0.057   0.0   0.0
0.058   0.0   0.0
0.059   0.0   0.0
0.06   0.0   0.0
0.061   0.0   0.0
0.062   0.0   0.0
0.063   0.0   0.0
0.064   0.0   0.0
0.065   0.0   0.0
0.066   0.0   0.0
0.067   0.0   0.0
0.068   0.0   0.0
0.069   0.0   0.0
0.07   0.0   0.0
0.071   0.0   0.0
0.072   0.0   0.0
0.073   0.0   0.0
0.074   0.0   0.0
0.075   0.0   0.0
0.076   0.0   0.0
0.077   0.0   0.0
0.078   0.0   0.0
0.079   0.0   0.0
0.08   0.0   0.0
0.081   0.0   0.0
0.082   0.0   0.0
0.083   0.0   0.0
0.084   0.0   0.0
0.085   0.0   0.0
0.086   0.0   0.0
0.087   0.0   0.0
0.088   0.0   0.0
0.089   0.0   0.0
0.09   0.0   0.0
0.091   0.0   0.0
0.092   0.0   0.0
0.093   0.0   0.0
0.094   0.0   0.0
0.095   0.0   0.0
0.096   0.0   0.0
0.097   0.0   0.0
0.098   0.0   0.0
0.099   0.0   0.0
0.1   0.0   0.0
0.101   0.0   0.0
0.102   12.3214117784   5.30142812711
0.103   30.407209455   6.72385903881
0.104   36.3785046729   6.72385903881
0.105   90.6858424928   10.454312373
0.106   175.803059346   14.228751907
0.107   199.154888624   15.2164301875
0.108   204.048517201   15.5113363183
0.109   195.110169618   15.4830606742
0.11   192.787173771   15.5675554054
0.111   200.275306127   15.9659195799
0.112   207.092168159   16.2764306157
0.113   225.530607815   16.8059970301
0.114   233.927720151   17.0573486138
0.115   234.536395261   17.0867495519
0.116   233.682219272   17.1164375104
0.117   243.117078611   17.4069893618
0.118   250.896615084   17.664051105
0.119   250.896615084   17.664051105
0.12   242.372366792   17.4076220053
0.121   217.46478093   16.7195038795
0.122   195.067479834   16.095186077
0.123   189.559351715   15.907806765
0.124   191.087062642   15.9388259366
0.125   198.950432532   16.0623035985
0.126   206.161495761   16.2153284797
0.127   210.157188096   16.2761355989
0.128   210.157188096   16.2761355989
0.129   206.233234298   16.2155866047
0.13   197.284025754   16.0782637974
0.131   199.89742884   16.2350203124
0.132   204.595936651   16.4653740755
0.133   204.595936651   16.4653740755
0.134   211.133887114   16.7069447584
0.135   225.713896898   17.2097600801
0.136   232.218573949   17.5283524776
0.137   233.066459627   17.5860757421
0.138   233.066459627   17.5860757421
0.139   233.066459627   17.5860757421
0.14   214.863911917   17.0227011825
0.141   187.546894078   16.2565970188
0.142   176.040883707   15.8991049344
0.143   170.253837811   15.7252609917
0.144   170.253837811   15.7252609917
0.145   170.253837811   15.7252609917
0.146   172.149221991   15.820357188
0.147   167.94280916   15.6295693527
0.148   157.114486068   15.3063115985
0.149   156.300460204   15.2736060918
0.15   156.300460204   15.2736060918
0.151   156.300460204   15.2736060918
0.152   156.300460204   15.2736060918
0.153   136.077842521   14.6907742547
0.154   111.428100783   13.9603172784
0.155   96.7050231931   13.6000760595
0.156   88.6254351482   13.3603096514
0.157   88.6254351482   13.3603096514
0.158   88.6254351482   13.3603096514
0.159   88.6254351482   13.3603096514
0.16   92.3156533399   13.5656771572
0.161   91.0092385762   13.6413724471
0.162   86.4819786627   13.625215145
0.163   88.103580509   13.7359459266
0.164   88.103580509   13.7359459266
0.165   88.103580509   13.7359459266
0.166   88.103580509   13.7359459266
0.167   88.103580509   13.7359459266
0.168   75.4838752708   13.4960800392
0.169   56.8255427425   11.5225303551
0.17   48.882629006   11.1894878182
0.171   34.6453793255   9.99626276254
0.172   25.8918527334   8.04026745831
0.173   25.8918527334   8.04026745831
0.174   25.8918527334   8.04026745831
0.175   25.8918527334   8.04026745831
0.176   25.8918527334   8.04026745831
0.177   22.6803994442   8.04026745831
0.178   10.6276470407   6.74022258787
0.179   2.78860431238   4.1459488115
0.18   5.85539869049   4.1459488115
0.181   5.85539869049   4.1459488115
0.182   5.85539869049   4.1459488115
0.183   5.85539869049   4.1459488115
0.184   5.85539869049   4.1459488115
0.185   5.85539869049   4.1459488115
0.186   5.85539869049   4.1459488115
0.187   5.85539869049   4.1459488115
0.188   5.85539869049   4.1459488115
0.189   3.06074233116   4.1459488115
0.19   0.0   0.0
0.191   0.0   0.0
0.192   0.0   0.0
0.193   0.0   0.0
0.194   0.0   0.0
0.195   0.0   0.0
0.196   0.0   0.0
0.197   0.0   0.0
0.198   0.0   0.0
0.199   0.0   0.0
0.2   0.0   0.0
0.201   0.0   0.0
0.202   0.0   0.0
0.203   0.0   0.0
0.204   0.0   0.0
0.205   0.0   0.0
0.206   0.0   0.0
0.207   0.0   0.0
0.208   0.0   0.0
0.209   0.0   0.0
0.21   0.0   0.0
0.211   0.0   0.0
0.212   0.0   0.0
0.213   0.0   0.0
0.214   0.0   0.0
0.215   0.0   0.0
0.216   0.0   0.0
0.217   0.0   0.0
0.218   0.0   0.0
0.219   0.0   0.0
0.22   0.0   0.0
0.221   0.0   0.0
0.222   0.0   0.0
0.223   0.0   0.0
0.224   0.0   0.0
0.225   0.0   0.0
0.226   0.0   0.0
0.227   0.0   0.0
0.228   0.0   0.0
0.229   0.0   0.0
0.23   0.0   0.0
0.231   0.0   0.0
0.232   0.0   0.0
0.233   0.0   0.0
0.234   0.0   0.0
0.235   0.0   0.0
0.236   0.0   0.0
0.237   0.0   0.0
0.238   0.0   0.0
0.239   0.0   0.0
0.24   0.0   0.0
0.241   0.0   0.0
0.242   0.0   0.0
0.243   0.0   0.0
0.244   0.0   0.0
0.245   0.0   0.0
0.246   0.0   0.0
0.247   0.0   0.0
0.248   0.0   0.0
0.249   0.0   0.0
0.25   0.0   0.0
0.251   0.0   0.0
0.252   0.0   0.0
0.253   0.0   0.0
0.254   0.0   0.0
0.255   0.0   0.0
0.256   0.0   0.0
0.257   0.0   0.0
0.258   0.0   0.0
0.259   0.0   0.0
0.26   0.0   0.0
0.261   0.0   0.0
0.262   0.0   0.0
0.263   0.0   0.0
0.264   0.0   0.0
0.265   0.0   0.0
0.266   0.0   0.0
0.267   0.0   0.0
0.268   0.0   0.0
0.269   0.0   0.0
0.27   0.0   0.0
0.271   0.0   0.0
0.272   0.0   0.0
0.273   0.0   0.0
0.274   0.0   0.0
0.275   0.0   0.0
0.276   0.0   0.0
0.277   0.0   0.0
0.278   0.0   0.0
0.279   0.0   0.0
0.28   0.0   0.0
0.281   0.0   0.0
0.282   0.0   0.0
0.283   0.0   0.0
0.284   0.0   0.0
0.285   0.0   0.0
0.286   0.0   0.0
0.287   0.0   0.0
0.288   0.0   0.0
0.289   0.0   0.0
0.29   0.0   0.0
0.291   0.0   0.0
0.292   0.0   0.0
0.293   0.0   0.0
0.294   0.0   0.0
0.295   0.0   0.0
0.296   0.0   0.0
0.297   0.0   0.0
0.298   0.0   0.0
0.299   0.0   0.0
0.3   
