# Number of T values
7
# Number of Q values
9
# T (Kelvin) Values:
10.0
20.0
30.0
40.0
50.0
60.0
70.0
# Q (1/Angstroms) Values:
0.3
0.5
0.7
0.9
1.1
1.3
1.5
1.7
1.9
# Group 0
0.0224306852813   0.000379487301098
0.0226527061409   0.000380773354366
0.022120679336   0.000370293257254
0.0231395843646   0.000383578465015
0.0224809040811   0.000374690725655
0.021764147252   0.0003684955878
0.0218018961478   0.000366821822272
# Group 1
0.0149086460731   0.000156375964037
0.0152913479561   0.000160793013764
0.0150483587844   0.000158313968164
0.0149123832602   0.000156168671415
0.0150444300815   0.000159181670759
0.014691085658   0.000155718224572
0.0148911037157   0.000155870752368
# Group 2
0.0141680074234   0.000150814831269
0.0139641913752   0.000148939500995
0.0139319031657   0.000148260105295
0.0139685376089   0.000149069558673
0.0139598632304   0.000148845233672
0.0137577420178   0.000146312195751
0.0141263212346   0.000149364519306
# Group 3
0.0138046787374   0.000139735614608
0.0138808209129   0.00014103074544
0.013731592181   0.000139322616316
0.0137502481577   0.000140122663949
0.0136303829112   0.000139348866448
0.013619497593   0.000138580695706
0.0139510314309   0.000142433054866
# Group 4
0.0155047325205   0.000149613794654
0.0155125948698   0.000149598849368
0.0153381325593   0.000149642148232
0.015361199096   0.000150173519849
0.0154809593861   0.000150106488823
0.0151491765791   0.000148006503097
0.0154945759469   0.000149795913203
# Group 5
0.0171866127567   0.000189306785545
0.0174428336508   0.000191172842898
0.0174098837072   0.000189751006144
0.0173785443273   0.000190308265121
0.0173008368118   0.000190356626314
0.0168654907887   0.00018629037154
0.0173458598116   0.000190497092358
# Group 6
0.0192783648928   0.000221564779115
0.0190641653044   0.000217731846282
0.0192519671097   0.00022163142864
0.0192105774811   0.000218824510387
0.0192429662501   0.000221578861441
0.018755278906   0.000216653834101
0.0190347291252   0.00021848025526
# Group 7
0.0245417289943   0.00019789573518
0.0250228874401   0.000200830780767
0.0243027200063   0.000196679456814
0.0249675967108   0.000201605266947
0.024584970162   0.000199426614141
0.0243276168185   0.000197439970264
0.0247920047942   0.00019857949471
# Group 8
0.0473030214034   0.000355023028896
0.0472097589346   0.000355865403389
0.0471583756192   0.000355006093241
0.0473629917127   0.000357951047073
0.0472014748222   0.000357116335224
0.0463045575175   0.000351195393452
0.0475002637512   0.000357069629127
#F ['/SNS/users/ele/IPTS/2024/July2009/BASIS_5724_1run.dat', '/SNS/users/ele/IPTS/2024/July2009/BASIS_5725_1run.dat', '/SNS/users/ele/IPTS/2024/July2009/BASIS_5726_1run.dat', '/SNS/users/ele/IPTS/2024/July2009/BASIS_5727_1run.dat', '/SNS/users/ele/IPTS/2024/July2009/BASIS_5728_1run.dat', '/SNS/users/ele/IPTS/2024/July2009/BASIS_5729_1run.dat', '/SNS/users/ele/IPTS/2024/July2009/BASIS_5730_1run.dat']
#E 1297706386.27
#D 2011-02-14T12:59:46.272712-05:00
#C HLR Version - 1.7.15
#C DOM Version - 1.7.2
#C SCL Version - 1.4.1
